
                mean       std    median      2.5%     97.5%     n_eff     r_hat
   mu[0,0]     -0.55      0.05     -0.55     -0.65     -0.45   6651.52      1.00
   mu[0,1]      0.83      0.04      0.83      0.75      0.90   7006.94      1.00
   mu[0,2]      0.86      0.04      0.86      0.78      0.93   7706.01      1.00
   mu[0,3]      0.88      0.04      0.88      0.81      0.96   6703.32      1.00
   mu[0,4]     -0.46      0.06     -0.46     -0.57     -0.35   7752.23      1.00
   mu[0,5]     -0.77      0.05     -0.77     -0.86     -0.68   7402.12      1.00
   mu[0,6]      0.83      0.04      0.83      0.75      0.91   6929.05      1.00
   mu[0,7]     -0.59      0.06     -0.59     -0.71     -0.49   7634.89      1.00
   mu[0,8]     -0.88      0.04     -0.88     -0.95     -0.80   7850.78      1.00
   mu[0,9]      0.86      0.04      0.86      0.78      0.94   7461.90      1.00
   mu[1,0]      0.55      0.05      0.55      0.47      0.65   7170.72      1.00
   mu[1,1]     -0.83      0.02     -0.83     -0.87     -0.79   7198.65      1.00
   mu[1,2]     -0.86      0.02     -0.86     -0.89     -0.82   6682.85      1.00
   mu[1,3]     -0.88      0.01     -0.88     -0.90     -0.86   8064.35      1.00
   mu[1,4]      0.46      0.05      0.46      0.37      0.55   7516.21      1.00
   mu[1,5]      0.77      0.02      0.77      0.72      0.82   7859.46      1.00
   mu[1,6]     -0.83      0.02     -0.83     -0.87     -0.79   8681.25      1.00
   mu[1,7]      0.59      0.03      0.59      0.54      0.66   8120.13      1.00
   mu[1,8]      0.88      0.01      0.88      0.87      0.89   7180.62      1.00
   mu[1,9]     -0.86      0.01     -0.86     -0.88     -0.84   8080.45      1.00
sigma[0,0]      0.88      0.04      0.88      0.81      0.95   8750.62      1.00
sigma[0,1]      0.71      0.03      0.71      0.65      0.77   8213.30      1.00
sigma[0,2]      0.67      0.03      0.67      0.62      0.73   8021.12      1.00
sigma[0,3]      0.65      0.03      0.65      0.60      0.71   7918.38      1.00
sigma[0,4]      0.99      0.04      0.99      0.91      1.07   7530.36      1.00
sigma[0,5]      0.81      0.03      0.81      0.75      0.88   8327.54      1.00
sigma[0,6]      0.73      0.03      0.72      0.67      0.78   7151.97      1.00
sigma[0,7]      1.01      0.04      1.01      0.93      1.10   7321.97      1.00
sigma[0,8]      0.66      0.03      0.66      0.61      0.72   7091.50      1.00
sigma[0,9]      0.71      0.03      0.71      0.65      0.77   7805.69      1.00
sigma[1,0]      0.79      0.03      0.79      0.73      0.85   8261.98      1.00
sigma[1,1]      0.35      0.01      0.35      0.32      0.38   7955.44      1.00
sigma[1,2]      0.29      0.01      0.29      0.26      0.31   8273.47      1.00
sigma[1,3]      0.15      0.01      0.15      0.14      0.17   6222.73      1.00
sigma[1,4]      0.78      0.03      0.78      0.72      0.84   7383.58      1.00
sigma[1,5]      0.41      0.02      0.41      0.38      0.44   7136.61      1.00
sigma[1,6]      0.32      0.01      0.32      0.30      0.35   7933.89      1.00
sigma[1,7]      0.53      0.02      0.53      0.49      0.57   7872.04      1.00
sigma[1,8]      0.10      0.00      0.10      0.09      0.11   7261.07      1.00
sigma[1,9]      0.15      0.01      0.15      0.14      0.17   7260.86      1.00

[0.5183334  0.5183334  0.51666665 ... 0.51666665 0.5183334  0.5183334 ]
Mean pvalue is 1.0
Std pvalue is 0.0
[[289  11]
 [  0 300]]
[[292   8]
 [  0 300]]
