
                mean       std    median      2.5%     97.5%     n_eff     r_hat
alpha[0,0]     -0.00      0.00      0.00     -0.01      0.01   5407.31      1.00
 beta[0,0]     -0.00      0.00     -0.00     -0.01      0.01   5303.64      1.00
 beta[1,0]      0.00      0.01      0.00     -0.02      0.02   3922.91      1.00
 beta[2,0]     -0.00      0.01     -0.00     -0.02      0.02   3602.98      1.00
 beta[3,0]      0.00      0.02      0.00     -0.03      0.03   3233.23      1.00
 beta[4,0]      0.00      0.00      0.00     -0.01      0.01   4673.67      1.00
 beta[5,0]     -0.00      0.01     -0.00     -0.01      0.01   3973.15      1.00
 beta[6,0]     -0.00      0.01      0.00     -0.01      0.02   4068.42      1.00
 beta[7,0]      0.00      0.00     -0.00     -0.01      0.01   5351.35      1.00
 beta[8,0]      0.00      0.02      0.00     -0.03      0.04   2825.50      1.00
 beta[9,0]      0.00      0.01      0.00     -0.02      0.02   3769.31      1.00

[0.49166667 0.54833335 0.47333336 ... 0.5183334  0.53833336 0.52000004]
Mean pvalue is 0.51275
Std pvalue is 0.032750003
[[173 127]
 [139 161]]
[[156 144]
 [158 142]]
