
                mean       std    median      2.5%     97.5%     n_eff     r_hat
alpha[0,0]      0.47      0.00      0.47      0.47      0.47   9059.73      1.00
 beta[0,0]      3.74      0.00      3.74      3.74      3.74   8197.22      1.00
 beta[1,0]     -4.74      0.00     -4.74     -4.74     -4.74  10651.48      1.00
 beta[2,0]     -3.36      0.00     -3.36     -3.36     -3.36   9000.37      1.00
 beta[3,0]     -6.01      0.00     -6.01     -6.01     -6.01   7485.09      1.00
 beta[4,0]      0.50      0.00      0.50      0.50      0.51   9644.67      1.00
 beta[5,0]      1.17      0.00      1.17      1.17      1.17   8664.28      1.00
 beta[6,0]     -1.17      0.00     -1.17     -1.17     -1.17   8911.37      1.00
 beta[7,0]      0.48      0.00      0.48      0.48      0.48   8617.53      1.00
 beta[8,0]      2.98      0.00      2.98      2.98      2.98   7695.55      1.00
 beta[9,0]     -1.67      0.00     -1.67     -1.67     -1.67   7986.61      1.00

[0.50666666 0.54       0.45333335 ... 0.51666665 0.5183334  0.49666667]
Mean pvalue is 0.50225
Std pvalue is 0.032750003
[[269  31]
 [  0 300]]
[[272  28]
 [  0 300]]
