
                  mean       std    median      2.5%     97.5%     n_eff     r_hat
  bias0[0,0]     -0.10      0.00     -0.10     -0.10     -0.09   7321.39      1.00
  bias0[0,1]     -0.26      0.00     -0.26     -0.26     -0.26   7811.81      1.00
  bias0[0,2]      0.17      0.00      0.17      0.17      0.17   8424.79      1.00
  bias0[0,3]      0.27      0.00      0.27      0.27      0.27   7483.52      1.00
  bias1[0,0]     -0.93      0.00     -0.93     -0.93     -0.93   8077.41      1.00
  bias1[0,1]     -0.52      0.00     -0.52     -0.52     -0.52   7959.45      1.00
  bias1[0,2]      1.09      0.00      1.09      1.09      1.09   8648.59      1.00
  bias2[0,0]      4.31      0.00      4.31      4.31      4.31   9071.43      1.00
  bias2[0,1]     -4.31      0.00     -4.31     -4.31     -4.31   8426.67      1.00
matrix0[0,0]     -1.23      0.00     -1.23     -1.23     -1.22   8661.89      1.00
matrix0[0,1]      3.90      0.00      3.90      3.90      3.90   7550.56      1.00
matrix0[0,2]      1.83      0.00      1.83      1.83      1.83   7482.65      1.00
matrix0[0,3]      2.51      0.00      2.51      2.50      2.51   6509.23      1.00
matrix0[1,0]      1.11      0.00      1.11      1.10      1.11   7307.50      1.00
matrix0[1,1]     -2.08      0.00     -2.08     -2.08     -2.08   8518.17      1.00
matrix0[1,2]     -1.77      0.00     -1.77     -1.77     -1.77   9312.14      1.00
matrix0[1,3]     -2.18      0.00     -2.18     -2.18     -2.18   7965.40      1.00
matrix0[2,0]      3.68      0.00      3.68      3.68      3.68   9210.96      1.00
matrix0[2,1]      3.60      0.00      3.60      3.60      3.61   8227.79      1.00
matrix0[2,2]     -3.72      0.00     -3.72     -3.72     -3.71   8728.06      1.00
matrix0[2,3]     -2.09      0.00     -2.09     -2.09     -2.08   6264.77      1.00
matrix0[3,0]      4.53      0.00      4.53      4.53      4.54   8143.79      1.00
matrix0[3,1]      5.30      0.00      5.30      5.29      5.30   8014.98      1.00
matrix0[3,2]     -2.69      0.00     -2.69     -2.69     -2.69   7979.11      1.00
matrix0[3,3]     -2.86      0.00     -2.86     -2.86     -2.86   9230.73      1.00
matrix0[4,0]      2.72      0.00      2.72      2.72      2.72   7894.95      1.00
matrix0[4,1]     -2.28      0.00     -2.28     -2.28     -2.28   8466.25      1.00
matrix0[4,2]     -1.02      0.00     -1.02     -1.02     -1.02   9154.55      1.00
matrix0[4,3]     -0.46      0.00     -0.46     -0.46     -0.45   8203.81      1.00
matrix1[0,0]     -3.29      0.00     -3.29     -3.29     -3.29   7475.79      1.00
matrix1[0,1]     -6.24      0.00     -6.24     -6.25     -6.24   7509.55      1.00
matrix1[0,2]      2.64      0.00      2.64      2.64      2.64   8202.64      1.00
matrix1[1,0]     -3.56      0.00     -3.56     -3.56     -3.55   8631.80      1.00
matrix1[1,1]     -1.62      0.00     -1.62     -1.63     -1.62   8351.68      1.00
matrix1[1,2]      5.45      0.00      5.45      5.45      5.45   7557.98      1.00
matrix1[2,0]      3.21      0.00      3.21      3.20      3.21   7475.48      1.00
matrix1[2,1]      4.83      0.00      4.83      4.83      4.84   8477.25      1.00
matrix1[2,2]     -1.62      0.00     -1.62     -1.62     -1.62   8247.16      1.00
matrix1[3,0]      2.67      0.00      2.67      2.67      2.67   9049.20      1.00
matrix1[3,1]      4.59      0.00      4.59      4.59      4.59   7818.24      1.00
matrix1[3,2]     -1.94      0.00     -1.94     -1.94     -1.94   7230.98      1.00
matrix2[0,0]     -2.54      0.00     -2.54     -2.54     -2.54   8175.06      1.00
matrix2[0,1]      2.08      0.00      2.08      2.08      2.09   9075.76      1.00
matrix2[1,0]     -1.46      0.00     -1.46     -1.46     -1.45   7702.39      1.00
matrix2[1,1]      3.58      0.00      3.58      3.58      3.58   9118.22      1.00
matrix2[2,0]      2.31      0.00      2.31      2.31      2.31   8588.67      1.00
matrix2[2,1]     -2.67      0.00     -2.67     -2.67     -2.66   8986.16      1.00

[0.50166667 0.495      0.5        ... 0.49333334 0.49333334 0.49833333]
Mean pvalue is 0.60175
Std pvalue is 0.15650001
[[295   5]
 [  1 299]]
[[294   6]
 [  3 297]]
