
                mean       std    median      2.5%     97.5%     n_eff     r_hat
   mu[0,0]     -0.04      0.00     -0.04     -0.04     -0.04   8280.56      1.00
   mu[0,1]      0.04      0.00      0.04      0.04      0.05  10324.08      1.00
   mu[0,2]      0.03      0.00      0.03      0.03      0.03   4814.45      1.00
   mu[0,3]      0.06      0.00      0.06      0.05      0.06   9787.88      1.00
   mu[0,4]     -0.00      0.00     -0.00     -0.01     -0.00   4128.61      1.00
   mu[0,5]     -0.01      0.00     -0.01     -0.01     -0.01   4130.96      1.00
   mu[0,6]      0.01      0.00      0.01      0.01      0.01   4332.36      1.00
   mu[0,7]     -0.00      0.00     -0.00     -0.00     -0.00   4038.11      1.00
   mu[0,8]     -0.03      0.00     -0.03     -0.03     -0.03   3516.07      1.00
   mu[0,9]      0.02      0.00      0.02      0.01      0.02   4367.23      1.00
   mu[1,0]     -0.00      0.00     -0.00     -0.01      0.00   8617.60      1.00
   mu[1,1]     -0.00      0.00     -0.00     -0.00      0.00   4375.44      1.00
   mu[1,2]     -0.00      0.00     -0.00     -0.00      0.00   3868.63      1.00
   mu[1,3]     -0.00      0.00     -0.00     -0.00      0.00   4160.04      1.00
   mu[1,4]      0.00      0.00      0.00     -0.00      0.00   3764.79      1.00
   mu[1,5]      0.00      0.00      0.00     -0.00      0.00   3765.54      1.00
   mu[1,6]      0.00      0.00      0.00     -0.00      0.00   4233.85      1.00
   mu[1,7]     -0.00      0.00     -0.00     -0.00      0.00   4216.45      1.00
   mu[1,8]     -0.00      0.00     -0.00     -0.00      0.00   3952.74      1.00
   mu[1,9]     -0.00      0.00     -0.00     -0.00      0.00   4515.46      1.00
sigma[0,0]      0.03      0.00      0.03      0.03      0.04   4625.12      1.00
sigma[0,1]      0.02      0.00      0.02      0.02      0.02   4719.20      1.00
sigma[0,2]      0.01      0.00      0.01      0.01      0.01   4769.42      1.00
sigma[0,3]      0.02      0.00      0.02      0.02      0.02   4401.38      1.00
sigma[0,4]      0.01      0.00      0.01      0.00      0.01   4651.87      1.00
sigma[0,5]      0.01      0.00      0.01      0.01      0.01   4092.39      1.00
sigma[0,6]      0.01      0.00      0.01      0.00      0.01   4972.43      1.00
sigma[0,7]      0.00      0.00      0.00      0.00      0.00   4424.71      1.00
sigma[0,8]      0.01      0.00      0.01      0.01      0.01   4521.95      1.00
sigma[0,9]      0.01      0.00      0.01      0.01      0.01   5023.69      1.00
sigma[1,0]      0.03      0.00      0.03      0.03      0.03   4564.43      1.00
sigma[1,1]      0.01      0.00      0.01      0.01      0.01   4745.17      1.00
sigma[1,2]      0.00      0.00      0.00      0.00      0.01   4142.22      1.00
sigma[1,3]      0.00      0.00      0.00      0.00      0.01   4894.73      1.00
sigma[1,4]      0.00      0.00      0.00      0.00      0.00   5001.67      1.00
sigma[1,5]      0.00      0.00      0.00      0.00      0.00   4182.19      1.00
sigma[1,6]      0.00      0.00      0.00      0.00      0.00   4028.50      1.00
sigma[1,7]      0.00      0.00      0.00      0.00      0.00   3910.25      1.00
sigma[1,8]      0.00      0.00      0.00      0.00      0.00   4328.25      1.00
sigma[1,9]      0.00      0.00      0.00      0.00      0.00   4722.54      1.00

[0.51666665 0.51666665 0.51666665 ... 0.51666665 0.515      0.51666665]
Mean pvalue is 1.0
Std pvalue is 0.0
[[290  10]
 [  0 300]]
[[292   8]
 [  0 300]]
